163409
164420
165418
166432
168452
167449
167933
169497
170554
171070
171576
172601
173614
174619
175631
177679
178700
179217
179708
181751
182281
182777
184797
187838
189921
190918
193952
194958
196030
197039
198061
198527
199084
199562
200112
201153
202162
202616
203170
203638
204182
205668
206234
208743
210324
211333
211804
214087
214619
217123
218665
219685
220196
220683
221692
223222
223718
224730
225236
225728
226753
228279
228772
229793
230809
231820
232346
232842
233371
234385
233859
234881
235407
235903
236409
236905
237427
238442
239445
239960
240460
240982
242480
243016
245517
246058
248126
248591
249150
251193
253216
253688
254692
255254
255708
256263
258772
259325
262497
263037
265544
268588
271137
273667
274166
275193
276219
277235
278246
279323
280336
281357
282366
282880
283376
284397
285391
285902
286400
286922
287425
288434
288939
289454
290475
290957
291484
291972
292509
293014
293565
294030
294577
295040
295592
296057
296610
297060
297615
298080
299118
301125
301668
302665
302134
303134
304142
305725
306190
306762
307227
307774
308785
308241
310278
310821
311289
312866
312311
313876
313319
314897
314343
315894
315362
316927
316377
317943
317401
318943
318423
319950
319421
320961
321435
322980
323990
324465
324982
326003
325481
327014
326496
327497
328011
328508
330050
329533
331065
330553
332081
331572
333081
334077
333593
334610
335107
335626
336116
336635
337125
338135
339676
340166
341190
342199
343236
344251
344786
345276
346286
347285
347813
349330
348829
350844
352382
351861
353393
352875
354436
353894
355438
354906
356449
355907
357471
356921
358511
357955
359527
358982
360806
359998
361835
361278
362857
363866
363329
364875
364338
365335
365963
366972
366435
367986
368993
368454
370002
369465
370998
372007
371467
373018
372479
373477
374028
375045
374499
376065
375525
376536
377064
378076
377541
379078
378554
380093
379569
381104
380590
382107
383115
382601
384128
383616
384642
385138
385650
386146
387173
386677
387704
388194
389200
388708
390196
390723
391219
392228
391733
393225
393739
394234
394749
395244
395770
396257
396782
397278
397803
398317
398843
399326
399858
400348
400928
401417
402463
401943
403489
402967
404573
405029
405617
406639
406089
407650
408106
408659
409127
409672
410702
410138
411165
411721
412187
412749
413745
413218
414791
414223
415813
415258
416279
416823
417833
417288
418842
418299
419296
419839
420305
420864
421342
421898
422933
422357
423978
424999
426003
425469
426492
427027
428033
2033
1143
2472
2843
3374
3818
4580
5021
5590
6010
6593
7048
7652
8087
8698
9142
9735
10772
10173
11224
11805
12269
12826
13318
13884
14883
14364
15369
16379
16895
17371
17901
18378
18909
19368
19907
20375
20915
21370
21910
22375
22918
23914
23383
24376
24935
25393
25933
26392
26941
27400
28199
29207
28658
30233
29684
30650
31207
32218
31665
32677
33213
34227
33672
34686
35223
35688
36230
36698
37227
38232
37689
38700
39227
39695
40235
40703
41229
41694
42234
42717
43248
43717
44268
45275
44732
45728
46271
46735
47278
47743
48274
48739
49282
50302
49746
50757
51297
51762
52304
52769
53282
53757
54754
55298
56316
55759
56781
57312
57776
58320
58785
59317
60324
59781
60788
61320
61779
62340
62799
63340
64348
63799
64806
65803
66348
67355
66812
67810
68361
69372
68825
69825
70373
71368
70828
71829
72359
72823
73369
73830
74375
74836
75379
75846
76376
76837
77380
77844
78374
78857
79396
79858
80411
80864
81407
81871
82417
82881
83427
83891
84434
84883
85429
85887
86448
86906
87442
88451
87900
88905
89901
90450
90911
91903
92463
92922
93470
93928
94465
94926
95475
95931
96468
96927
97477
97937
98489
99493
98944
99952
100513
101519
100971
102517
101978
102972
103527
103985
104530
104983
105529
106537
105988
106983
107532
108558
108008
109027
109565
110579
110024
111038
111577
112592
112035
113050
113629
114114
114681
115159
115744
116204
116819
117285
117889
118970
118339
119421
120088
120531
121197
121613
122274
122690
123277
123693
124284
124701
125292
125696
126295
127303
126713
127708
128717
129311
130325
129747
130742
131751
132351
132756
133348
133764
134355
134773
135356
136365
135774
136781
137373
138376
137777
138793
140368
139788
140785
141379
141796
142388
142793
143385
143802
144402
145399
144807
145816
146408
147426
146844
147842
148849
149428
149844
150443
150859
151855
152446
153458
152869
153877
154465
154888
155473
155896
156488
156898
157483
157908
158493
159493
158917
159916
160501
160924
161497
162513
161920
163531
162936
163945
164530
164947
165541
165945
166536
166952
167543
167973
168552
168969
169560
170555
169976
170972
171584
172591
172000
172990
173837
174254
175257
175848
176855
176264
177856
177260
178272
178863
179858
179280
180275
180866
181883
181283
182293
182878
183301
183889
184299
184884
185307
185892
186305
186887
187923
187313
188916
188334
189341
189929
190349
190922
191345
191932
192351
192951
193955
193362
194383
194966
195380
195968
196388
196975
197395
197983
198393
198978
199994
199402
200987
200415
201410
202001
202996
202424
203416
204427
205008
205421
206020
206441
207443
208013
208435
209023
210015
209442
210435
211023
211443
212042
212446
213453
214048
214452
215043
215459
216466
217045
218064
217473
219058
218485
220067
219480
220487
221072
221482
222070
223077
222492
223496
224093
224498
225085
226096
225505
227095
226505
227511
228099
228519
229094
229514
230111
230525
231097
231512
232103
232523
233125
233537
234127
234543
235134
235549
236135
236552
237143
237558
238139
238556
239146
240143
239565
241150
240559
241560
242140
242556
243146
244145
243563
244561
245152
246148
245569
246564
247155
247578
248151
248575
249168
250179
249585
250584
251175
251592
252183
252588
253198
254206
253615
254612
255230
255647
256241
257238
256659
257656
258247
258665
259244
259663
260253
260670
261270
261685
262282
262699
263289
264285
263706
264702
265293
266287
265709
266704
267719
268301
268715
269301
269718
270309
270714
271305
271721
272312
272716
273731
274324
275312
274740
275722
276733
277323
278335
277745
279347
278752
279767
280344
280767
281352
282347
281775
282769
283353
283775
284347
285363
284770
285786
286362
286785
287370
287792
288382
288805
289389
289812
290397
290808
291401
291824
292411
293408
292834
293830
294414
295410
294838
295832
296416
297425
296841
297850
298438
298861
299446
299856
300441
300882
301466
301877
302462
302885
303477
303899
304474
304896
305480
305902
306484
307486
306905
307908
308492
308895
309474
309896
310492
310902
311487
311908
312493
312903
313909
314493
314903
315910
316506
316917
317501
317924
318770
319193
319766
320189
320773
321768
321196
322786
322191
323209
323793
324204
324790
325212
325797
326794
326215
327223
327802
328808
328219
329238
329816
330257
330829
331258
331837
332283
333278
333857
334863
334285
335870
335291
336292
336865
337287
337871
338293
338865
339287
339889
340894
340311
341316
342330
342891
343341
345073
344380
345503
346100
346530
347118
347548
348144
348574
349158
350195
349596
350633
351220
351683
352254
352690
353264
354260
353688
355285
354715
355710
356281
357289
356718
358291
357721
358727
359301
359738
360296
360732
361302
361739
362310
362747
363305
363749
364320
364757
365320
365757
366330
366767
367338
367763
368333
369360
368770
370355
369797
370800
371373
371809
372379
372804
373384
373823
374393
374829
375387
375824
376395
377386
376834
377821
378392
378830
379400
379826
380397
381404
380834
381841
382399
382856
383429
383866
384437
384889
385460
385900
386512
387555
386976
388686
388016
389201
389769
390930
390269
391469
392278
392835
393508
394008
394573
395585
395032
396614
396036
397636
397065
398087
398652
399668
399103
400681
401704
401141
402155
402712
403162
403726
404177
404741
405977
405181
406444
407011
408040
407482
408491
409068
409524
410088
410530
411102
411556
412122
412580
413130
413589
414153
415175
414604
415616
416180
416652
417245
417696
418308
419593
420978
421452
422116
422571
423182
423638
424231
424694
425259
426324
425747
426784
427364
428392
427817
428864
469222
469672
470684
471693
472252
472684
473709
474282
474742
475313
475753
476771
477409
477856
478854
479879
480436
480898
481900
482908
483455
483930
485018
485530
486043
486555
487052
488079
488591
489096
489605
490171
491181
491693
492212
493218
493730
494244
494756
495253
496280
496792
497302
497814
498314
499325
499856
500335
500845
501340
502356
502896
503372
504393
504951
505432
505988
506435
507759
508335
508781
509349
509786
510798
511375
511827
512383
512833
513858
514433
514882
515493
515940
516953
517583
518080
519101
520130
520641
521123
522130
522642
523155
523667
524165
525191
525704
526218
526730
527282
528305
528814
529327
529839
530337
531361
531873
532386
532898
533383
534405
534917
535429
535941
536435
537451
537974
538460
538973
539507
540523
541079
541545
542540
543607
544330
544795
546406
545881
546913
547441
547944
548939
549445
549956
550468
550978
551994
552506
553017
553529
554027
555098
555614
556109
556621
557213
558226
558735
559244
559756
560265
561273
561799
562285
562809
563341
564352
564897
565362
565915
566368
567376
567991
568440
569519
570098
570551
571122
571560
572588
573158
573611
574168
574606
575762
576312
576820
577348
578553
579143
579659
581170
580657
582423
583003
583513
584023
584592
585099
585594
586103
586601
587612
588124
588636
589148
589647
590148
590658
591170
591668
592180
592673
2298
1047
1732
2837
3399
3936
4480
4992
5534
6058
6568
7069
7568
8062
8569
9083
9656
10158
10686
11175
11685
12187
12695
13197
14200
14709
15220
15732
16221
16739
17241
17753
18255
19277
19821
20386
20900
21403
21904
22416
22914
23418
23920
24430
24978
25516
26077
26584
27085
27579
28122
28634
29151
29668
30664
31154
31707
32199
32718
33207
33806
34296
34839
35335
35842
36329
36845
37335
37880
38895
39408
39905
40428
40910
41449
41960
42512
42983
43525
43993
44547
45015
45562
46034
46665
47124
47662
48133
48688
49160
49711
50171
50725
51197
51747
52219
52757
53217
53774
54246
54796
55268
55809
56278
56827
57307
57847
58847
58333
59331
59857
60340
60874
61353
61877
62374
62890
63385
64162
65164
64658
65667
66178
66685
67194
68198
67710
68717
69205
69779
70268
71278
70788
71809
72300
72828
73315
74322
73835
74851
75344
75876
76366
76934
77424
77947
78444
78962
79466
79965
80476
80982
81501
82001
82525
83017
83545
84037
84570
85052
85578
86051
86589
87059
87647
88119
88731
89203
89740
90224
90784
91794
91256
92266
92817
93287
93841
94300
94850
95321
95889
96360
96907
97374
97915
98400
98927
99926
99409
100410
100943
101435
101958
102444
102957
103453
103972
104476
104976
105485
105992
106505
107008
107527
108001
108532
109016
109543
110033
110542
111031
111564
112056
112610
113099
113617
114109
114629
115119
115639
116129
116649
117139
117668
118178
118710
119200
119720
120209
120741
121230
121750
122228
122747
123237
123757
125010
125518
126027
127783
126548
128303
128793
129313
129802
130335
130868
131388
131877
132397
132887
133890
133408
134444
134953
135470
135974
137017
136520
138787
137523
139288
139917
140425
140960
141974
141440
142455
142995
143992
143460
144454
144998
145469
146020
147028
146490
147499
148046
148509
149065
150074
149530
150539
151098
151569
152123
152592
153145
153596
154212
154684
155229
155700
156278
156743
157308
157777
158330
159340
158796
159805
160362
160828
161384
162390
161850
162864
163888
164898
165896
166919
168962
170042
172105
173126
174124
175132
176161
176655
177183
178204
180234
180744
181265
183304
183799
184313
185307
185799
186321
186825
187329
188348
188863
189385
190391
191400
191939
192412
192955
193408
194415
195436
196488
197505
200578
201618
204648
205203
206700
207256
207721
208278
209304
209769
210790
212349
212830
213621
215096
215630
216112
216642
217647
218144
219168
221202
222218
222696
224231
226257
227273
227754
229297
230318
231327
237931
238951
241476
241995
243502
244042
244517
245051
246521
247084
247550
249616
250169
250624
251658
252218
252685
254225
256729
257285
257761
258319
259788
261015
261480
262024
263517
264067
264546
265067
266080
266567
267096
267588
268099
269127
269614
270140
270624
271641
272153
272660
273166
274696
275723
276722
277749
278828
279850
280862
281871
283902
284911
287936
289954
298639
299662
300115
300659
303674
304727
305194
309250
309809
320424
321965
322458
323470
329025
332585
337645
339144
338666
340697
341722
342744
343772
345796
346806
348312
350338
349838
351361
362303
367444
370475
381600
389710
392733
404023
407111
423433
424457
427505
15900
54302
65357
89454
91457
128299
131334
139377
148433
151451
174853
204004
207030
213037
216050
267302
273314
276317
313487
315488
332849
341908
343962
400117
470236
471243
473257
476322
478404
479421
481434
482445
484498
487565
490683
492708
495766
498834
501872
503909
507314
510345
513411
516500
518595
519633
521635
524677
527798
530851
533896
536954
540060
542093
543160
545388
548448
551477
554524
557714
560773
563894
566927
569070
572135
575262
580159
587104
593198
13698
18775
30146
38386
311845
